1525989601	0.01	0.04	0.06	2.57528	0
1525990201	0.22	0.17	0.09	2.57492	0
1525990801	0.04	0.08	0.08	2.57307	0
1525991401	0.08	0.03	0.03	2.57697	0
1525992001	0.00	0.01	0.00	2.57514	0
1525992601	0.04	0.11	0.06	2.57548	0
1525993201	0.02	0.07	0.06	2.5753	0
1525993801	1.05	0.70	0.35	3.57092	0
1525994401	0.35	0.78	0.61	3.55379	0
1525995001	0.17	0.22	0.37	3.553	0
1525995601	0.11	0.11	0.22	3.55318	0
1525996201	0.00	0.06	0.14	3.55467	0
1525996801	0.01	0.04	0.08	3.55496	0
1525997401	0.04	0.03	0.04	3.55332	0
1525998001	0.09	0.15	0.08	3.55507	0
1525998601	0.15	0.12	0.09	3.55489	0
1525999201	0.25	0.13	0.10	3.55372	0
1525999801	0.04	0.08	0.08	3.55434	0
1526000401	0.00	0.03	0.06	3.55358	0
1526001001	0.00	0.02	0.04	3.5552	0
1526001601	0.21	0.10	0.04	3.55365	0
1526002201	0.13	0.07	0.03	3.5554	0
1526002801	0.07	0.09	0.05	3.55547	0
1526003401	0.09	0.07	0.03	3.55395	0
1526004001	0.03	0.05	0.02	3.55696	0
1526004601	0.04	0.14	0.13	2.42352	0
1526005201	0.15	0.16	0.14	2.42409	0
1526005801	0.23	0.20	0.17	2.42341	0
1526006401	0.01	0.06	0.10	2.42362	0
1526007001	0.00	0.03	0.06	2.42566	0
1526007601	0.05	0.12	0.10	2.42535	0
1526008201	0.07	0.08	0.08	2.42398	0
1526008801	0.05	0.04	0.06	2.42599	0
1526009401	0.05	0.05	0.04	2.42674	0
1526010001	0.16	0.06	0.02	2.42425	0
1526010601	0.00	0.05	0.01	2.42415	0
1526011201	0.01	0.04	0.00	2.42494	0
1526011801	0.21	0.13	0.04	2.42603	0
1526012401	0.00	0.03	0.01	2.42614	0
1526013001	0.01	0.03	0.00	2.58209	0
1526013601	0.00	0.04	0.01	2.58102	0
1526014201	0.00	0.02	0.00	2.58093	0
1526014801	0.05	0.03	0.00	2.58367	0
1526015401	0.25	0.11	0.03	2.58287	0
1526016001	0.17	0.10	0.05	2.58241	0
1526016601	0.10	0.07	0.04	2.58264	0
1526017201	0.00	0.02	0.02	2.58214	0
1526017801	0.14	0.07	0.02	2.58252	0
1526018401	0.22	0.11	0.04	2.58215	0
1526019001	0.06	0.09	0.05	2.58244	0
1526019601	0.60	0.20	0.09	2.58418	0
1526020201	0.08	0.11	0.09	2.58451	0
1526020801	0.14	0.08	0.07	2.58248	0
1526021401	0.04	0.06	0.07	2.58273	0
1526022001	0.14	0.13	0.09	2.58324	0
1526022601	0.01	0.08	0.08	2.58275	0
1526023201	0.09	0.06	0.06	2.58342	0
1526023801	0.03	0.06	0.05	2.5852	0
1526024401	0.05	0.10	0.06	2.58461	0
1526025001	0.03	0.04	0.03	2.58298	0
1526025601	0.19	0.06	0.01	2.58315	0
1526026201	0.10	0.07	0.01	2.58316	0
1526026801	0.11	0.06	0.01	2.58414	0
1526027401	0.19	0.14	0.05	2.58348	0
1526028001	0.04	0.10	0.06	2.58349	0
1526028601	0.09	0.08	0.05	2.58548	0
1526029201	0.14	0.10	0.06	2.585	0
1526029801	0.19	0.14	0.10	2.58352	0
1526030401	0.06	0.05	0.07	2.58364	0
1526031001	0.03	0.09	0.08	2.58447	0
1526031601	0.23	0.16	0.11	2.58377	0
1526032201	0.08	0.09	0.09	2.5844	0
1526032801	0.08	0.06	0.08	2.58506	0
1526033401	0.06	0.09	0.08	2.58409	0
1526034001	0.03	0.07	0.08	2.58442	0
1526034601	0.23	0.10	0.08	2.58405	0
1526035201	0.14	0.13	0.10	2.58432	0
1526035801	0.00	0.05	0.07	2.58441	0
1526036401	0.09	0.05	0.06	2.58432	0
1526037001	0.11	0.07	0.04	2.58457	0
1526037601	0.03	0.03	0.01	2.58547	0
1526038201	0.01	0.06	0.02	2.58582	0
1526038801	1.32	0.48	0.21	2.58488	0
1526039401	0.11	0.52	0.49	2.58538	0
1526040001	0.04	0.14	0.28	2.58588	0
1526040601	0.01	0.03	0.15	2.5861	0
1526041201	0.24	0.15	0.13	2.58578	0
1526041801	0.05	0.09	0.10	2.58958	0
1526042401	0.32	0.18	0.12	2.58768	0
1526043001	0.08	0.06	0.07	2.58623	0
1526043601	0.00	0.02	0.05	2.58584	0
1526044201	0.06	0.06	0.06	2.5863	0
1526044801	0.10	0.13	0.09	2.58634	0
1526045401	0.00	0.03	0.06	2.58607	0
1526046001	0.11	0.21	0.14	2.58661	0
1526046601	0.10	0.10	0.11	2.58907	0
1526047201	0.06	0.08	0.09	2.58853	0
1526047801	0.02	0.04	0.06	2.58675	0
1526048401	0.63	0.27	0.14	2.58698	0
1526049001	0.09	0.12	0.10	2.59029	0
1526049601	0.09	0.07	0.08	2.5896	0
1526050201	0.24	0.21	0.13	2.61877	0
1526050801	0.06	0.28	0.24	2.61177	0
1526051401	0.62	0.38	0.29	2.60794	0
1526052001	0.06	0.11	0.17	2.60275	0
1526052601	0.16	0.11	0.12	2.60116	0
1526053201	0.07	0.07	0.09	2.60007	0
1526053801	0.01	0.06	0.08	2.59989	0
1526054401	0.49	0.22	0.12	2.59967	0
1526055001	0.23	0.10	0.09	2.59922	0
1526055601	0.01	0.02	0.05	2.60106	0
1526056201	0.37	0.21	0.11	2.6014	0
1526056801	0.09	0.09	0.08	2.599	0
1526057401	0.16	0.09	0.08	2.59926	0
1526058001	0.18	0.07	0.07	2.59797	0
1526058601	0.02	0.04	0.05	2.5978	0
1526059201	0.06	0.06	0.06	2.5981	0
1526059801	0.43	0.16	0.10	2.60055	0
1526060401	0.25	0.24	0.14	2.59744	0
1526061001	0.18	0.44	0.30	2.59829	0
1526061601	0.29	0.17	0.19	2.59676	0
1526062201	0.00	0.03	0.09	2.59727	0
1526062801	0.23	0.15	0.11	2.59718	0
1526063401	0.07	0.10	0.09	2.597	0
1526064001	0.00	0.02	0.06	2.5971	0
1526064601	0.03	0.07	0.07	2.5974	0
1526065201	0.00	0.05	0.07	2.59728	0
1526065801	0.02	0.12	0.10	2.59703	0
1526066401	0.14	0.07	0.07	2.59748	0
1526067001	0.09	0.13	0.09	2.59807	0
1526067601	0.07	0.11	0.09	2.59729	0
1526068201	0.02	0.02	0.04	2.59757	0
1526068801	0.23	0.15	0.09	2.59907	0
1526069401	0.25	0.14	0.10	2.59797	0
1526070001	0.09	0.11	0.09	2.59859	0
1526070601	0.23	0.12	0.10	2.5976	0
1526071201	0.10	0.10	0.09	2.59753	0
1526071801	0.12	0.07	0.07	2.59964	0
1526072401	0.10	0.12	0.09	2.59949	0
1526073001	0.04	0.10	0.09	2.59976	0
1526073601	0.12	0.17	0.12	2.59967	0
1526074201	0.00	0.07	0.08	2.60028	0
1526074801	0.09	0.07	0.07	2.59975	0
1526075401	0.00	0.01	0.03	2.59997	0
1526076001	0.04	0.07	0.04	2.59981	0
1526076001	0.04	0.07	0.04	2.6005	0
1526076601	0.64	0.21	0.09	2.60291	0
1526077201	0.13	0.60	0.50	2.77542	0
1526077801	0.17	0.25	0.35	2.77523	0
1526078401	0.00	0.03	0.17	2.7733	0
1526079001	0.19	0.12	0.14	2.77197	0
1526079601	0.00	0.03	0.07	2.77168	0
1526080201	1.00	0.68	0.35	3.76679	0
1526080801	0.99	1.02	0.72	3.75612	0
1526081401	0.02	0.19	0.40	3.75251	0
1526082001	0.13	0.08	0.22	3.75431	0
1526082601	0.02	0.03	0.12	3.755	0
1526083201	0.20	0.13	0.10	3.75432	0
1526083801	0.02	0.08	0.08	3.75423	0
1526084401	0.26	0.13	0.10	3.7526	0
1526085001	0.16	0.08	0.08	3.75421	0
1526085601	0.34	0.10	0.08	3.75433	0
1526086201	0.15	0.12	0.09	3.75423	0
1526086801	0.12	0.09	0.08	3.75499	0
1526087401	0.02	0.06	0.08	3.75512	0
1526088001	0.00	0.01	0.04	3.75544	0
1526088601	0.00	0.07	0.07	3.75488	0
1526089201	0.02	0.07	0.08	3.7532	0
1526089801	0.06	0.09	0.09	3.75476	0
1526090401	0.04	0.10	0.09	3.75492	0
1526091001	0.13	0.16	0.15	2.62188	0
1526091601	0.11	0.16	0.16	2.62333	0
1526092201	0.02	0.05	0.08	2.6239	0
1526092801	0.23	0.18	0.12	2.62343	0
1526093401	0.04	0.11	0.09	2.62185	0
1526094001	0.03	0.07	0.08	2.62223	0
1526094601	0.05	0.08	0.08	2.62333	0
1526095201	0.02	0.05	0.07	2.62177	0
1526095801	0.13	0.07	0.06	2.62677	0
1526096401	0.02	0.03	0.03	2.62536	0
1526097001	0.09	0.08	0.03	2.62624	0
1526097601	0.44	0.25	0.11	2.62533	0
1526098201	0.03	0.08	0.08	2.6235	0
1526098801	0.05	0.04	0.06	2.6253	0
1526099401	0.11	0.12	0.08	2.78007	0
1526100001	0.06	0.08	0.08	2.77843	0
1526100601	0.19	0.10	0.09	2.7794	0
1526101201	0.11	0.15	0.10	2.7785	0
1526101801	0.15	0.13	0.10	2.777	0
1526102401	0.01	0.08	0.08	2.77873	0
1526103001	0.00	0.05	0.07	2.77889	0
1526103601	0.00	0.04	0.06	2.77894	0
1526104201	0.03	0.07	0.06	2.77938	0
1526104801	0.10	0.07	0.07	2.77938	0
1526105401	0.05	0.12	0.08	2.77956	0
1526106001	0.15	0.13	0.10	2.77898	0
1526106601	0.07	0.07	0.08	2.779	0
1526107201	0.07	0.04	0.06	2.78007	0
1526107801	0.00	0.04	0.07	2.78019	0
1526108401	0.23	0.16	0.09	2.78317	0
1526109001	0.09	0.15	0.10	2.78043	0
1526109601	0.34	0.14	0.10	2.78024	0
1526110201	0.39	0.24	0.14	2.7804	0
1526110801	0.19	0.12	0.10	2.77971	0
1526111401	0.15	0.15	0.12	2.7813	0
1526112001	0.20	0.12	0.10	2.78154	0
1526112601	0.11	0.11	0.09	2.7816	0
1526113201	0.16	0.15	0.10	2.78158	0
1526113801	1.19	0.87	0.43	2.9622	0
1526114401	0.13	0.30	0.33	2.96078	0
1526115001	0.00	0.08	0.20	2.9596	0
1526115601	0.14	0.09	0.13	2.95892	0
1526116201	0.25	0.17	0.14	2.95775	0
1526116801	0.03	0.15	0.16	2.9597	0
1526117401	0.09	0.10	0.11	2.96049	0
1526118001	0.13	0.20	0.14	2.95816	0
1526118601	0.38	0.32	0.23	2.95878	0
1526119201	0.30	0.20	0.18	2.95836	0
1526119801	1.29	1.12	0.60	3.13525	0
1526120401	0.00	0.23	0.39	3.14763	0
1526121001	0.09	0.17	0.27	3.14466	0
1526121601	0.14	0.16	0.20	3.14088	0
1526122201	0.14	0.12	0.14	3.14016	0
1526122801	0.02	0.09	0.12	3.13956	0
1526123401	0.09	0.10	0.09	3.13937	0
1526124001	0.08	0.10	0.09	3.14011	0
1526124601	0.30	0.18	0.12	3.13878	0
1526125201	0.07	0.08	0.08	3.13843	0
1526125801	0.01	0.09	0.09	3.13696	0
1526126401	0.12	0.10	0.09	3.13757	0
1526127001	0.36	0.32	0.19	3.13903	0
1526127601	1.25	0.90	0.51	3.32223	0
1526128201	0.02	0.27	0.38	3.31716	0
1526128801	0.80	0.49	0.41	3.31532	0
1526129401	0.70	0.43	0.42	3.315	0
1526130001	0.04	0.22	0.33	3.31589	0
1526130601	0.19	0.25	0.27	3.31474	0
1526131201	0.05	0.17	0.22	3.31347	0
1526131801	0.04	0.15	0.19	3.31248	0
1526132401	0.08	0.16	0.17	3.31202	0
1526133001	0.10	0.17	0.17	3.31208	0
1526133601	0.03	0.11	0.14	3.31166	0
1526134201	0.13	0.15	0.13	3.31152	0
1526134801	0.21	0.23	0.16	3.3138	0
1526135401	0.05	0.11	0.13	3.31395	0
1526136001	0.35	0.25	0.18	3.31157	0
1526136601	0.22	0.21	0.18	3.3117	0
1526137201	0.21	0.20	0.18	3.31192	0
1526137801	0.22	0.17	0.17	3.31137	0
1526138401	0.08	0.14	0.16	3.31148	0
1526139001	0.73	0.29	0.19	3.3144	0
1526139601	0.06	0.11	0.15	3.31441	0
1526140201	0.01	0.08	0.11	3.31225	0
1526140801	0.17	0.13	0.10	3.31165	0
1526141401	0.19	0.25	0.17	3.31153	0
1526142001	0.07	0.18	0.17	3.31137	0
1526142601	0.22	0.21	0.18	3.3111	0
1526143201	0.02	0.11	0.15	3.31157	0
1526143801	0.20	0.24	0.19	3.31316	0
1526144401	0.13	0.26	0.25	3.31357	0
1526145001	0.43	0.29	0.23	3.31126	0
1526145601	0.11	0.17	0.18	3.31112	0
1526146201	0.01	0.08	0.12	3.31255	0
1526146801	0.18	0.09	0.09	3.3108	0
1526147401	0.11	0.08	0.09	3.31162	0
1526148001	0.00	0.00	0.03	3.31302	0
1526148601	0.01	0.08	0.07	3.31288	0
1526149201	0.13	0.13	0.10	3.31186	0
1526149801	0.01	0.15	0.12	3.31105	0
1526150401	0.18	0.10	0.10	3.31125	0
1526151001	0.01	0.04	0.07	3.31135	0
1526151601	0.06	0.04	0.04	3.31164	0
1526152201	0.03	0.04	0.01	3.31174	0
1526152801	0.17	0.09	0.02	3.31408	0
1526153401	0.35	0.15	0.05	3.31408	0
1526154001	0.06	0.13	0.08	3.31167	0
1526154601	0.24	0.14	0.10	3.31182	0
1526155201	0.21	0.14	0.10	3.31222	0
1526155801	0.17	0.12	0.09	3.31157	0
1526156401	0.02	0.06	0.08	3.31171	0
1526157001	0.00	0.03	0.06	3.31491	0
1526157601	0.14	0.07	0.06	3.3135	0
1526158201	0.08	0.08	0.08	3.31261	0
1526158801	0.05	0.05	0.05	3.31198	0
1526159401	0.03	0.10	0.08	3.31189	0
1526160001	0.13	0.13	0.09	3.31212	0
1526160601	0.16	0.07	0.07	3.31197	0
1526161201	0.04	0.10	0.08	3.3122	0
1526161801	0.02	0.07	0.07	3.31517	0
1526162401	0.06	0.07	0.08	3.31377	0
1526162401	0.06	0.07	0.08	3.31478	0
1526163001	0.16	0.15	0.11	3.31284	0
1526163601	0.45	0.19	0.12	3.31377	0
1526164201	0.45	0.19	0.12	3.31314	0
1526164801	0.13	0.13	0.09	3.31401	0
1526165401	0.04	0.13	0.11	3.31417	0
1526166001	0.04	0.08	0.08	3.31512	0
1526166601	1.07	0.69	0.36	4.30365	0
1526167201	1.09	1.07	0.75	4.2999	0
1526167801	0.00	0.24	0.49	4.29533	0
1526168401	0.42	0.25	0.36	4.29411	0
1526169001	0.27	0.24	0.27	4.29369	0
1526169601	0.24	0.16	0.19	4.29548	0
1526170201	0.14	0.18	0.18	4.29441	0
1526170801	0.01	0.11	0.15	4.29613	0
1526171401	0.38	0.13	0.11	4.29634	0
1526172001	0.03	0.11	0.09	4.29476	0
1526172601	0.00	0.07	0.08	4.29706	0
1526173201	0.17	0.14	0.10	4.29614	0
1526173801	0.05	0.11	0.09	4.29476	0
1526174401	0.46	0.22	0.12	4.29634	0
1526175001	0.04	0.07	0.08	4.29604	0
1526175601	0.02	0.07	0.08	4.29514	0
1526176201	0.10	0.10	0.09	4.29626	0
1526176801	0.17	0.17	0.12	4.29585	0
1526177401	0.07	0.22	0.22	3.16605	0
1526178001	0.03	0.07	0.13	3.16612	0
1526178601	0.03	0.04	0.08	3.16549	0
1526179201	0.07	0.10	0.09	3.1643	0
1526179801	0.07	0.07	0.08	3.1661	0
1526180401	0.13	0.12	0.09	3.16657	0
1526181001	0.27	0.25	0.17	3.16435	0
1526181601	0.03	0.08	0.11	3.16422	0
1526182201	0.06	0.09	0.09	3.1661	0
1526182801	0.16	0.17	0.12	3.16427	0
1526183401	0.20	0.09	0.08	3.16497	0
1526184001	0.15	0.08	0.08	3.16669	0
1526184601	0.00	0.00	0.03	3.16626	0
1526185201	0.14	0.07	0.02	3.16446	0
1526185801	0.35	0.16	0.07	3.31615	0
1526186401	0.20	0.24	0.14	3.3166	0
1526187001	0.17	0.13	0.10	3.31844	0
1526187601	0.06	0.12	0.11	3.31938	0
1526188201	0.19	0.12	0.10	3.31852	0
1526188801	0.02	0.05	0.07	3.31775	0
1526189401	0.05	0.05	0.06	3.32029	0
1526190001	0.12	0.08	0.05	3.31874	0
1526190601	0.08	0.06	0.03	3.31721	0
1526191201	0.03	0.06	0.03	3.31704	0
1526191801	0.07	0.11	0.05	3.31716	0
1526192401	0.25	0.17	0.10	3.31911	0
1526193001	0.14	0.10	0.09	3.31904	0
1526193601	0.03	0.12	0.09	3.31752	0
1526194201	0.01	0.07	0.08	3.31973	0
1526194801	0.07	0.07	0.08	3.32006	0
1526195401	0.17	0.14	0.10	3.31757	0
1526196001	0.02	0.05	0.07	3.31861	0
1526196601	0.10	0.10	0.09	3.32281	0
1526197201	0.04	0.09	0.08	3.32217	0
1526197801	0.14	0.15	0.10	3.32116	0
1526198401	0.42	0.21	0.12	3.32359	0
1526199001	0.41	0.30	0.20	3.32361	0
1526199601	2.27	2.20	1.38	3.32243	0
1526200201	0.12	0.64	0.99	3.32143	0
1526200801	0.08	0.21	0.58	3.32386	0
1526201401	0.26	0.21	0.39	3.32483	0
1526202001	1.02	0.45	0.38	3.32515	0
1526202601	0.06	0.16	0.25	3.32478	0
1526203201	0.08	0.24	0.27	3.33036	0
1526203801	0.72	0.43	0.32	3.33141	0
1526204401	0.75	0.31	0.27	3.33017	0
1526205001	0.19	0.18	0.21	3.33056	0
1526205601	0.33	0.27	0.23	3.3309	0
1526206201	0.17	0.22	0.24	3.32911	0
1526206801	0.30	0.17	0.19	3.32948	0
1526207401	0.04	0.14	0.17	3.33241	0
1526208001	0.27	0.17	0.16	3.3314	0
1526208601	0.10	0.13	0.14	3.32912	0
1526209201	0.15	0.12	0.12	3.33153	0
1526209801	0.22	0.15	0.10	3.32996	0
1526210401	0.10	0.10	0.09	3.32858	0
1526211001	0.00	0.03	0.06	3.32821	0
1526211601	0.08	0.13	0.09	3.32935	0
1526212201	0.03	0.08	0.08	3.33079	0
1526212801	0.09	0.10	0.09	3.33097	0
1526213401	0.32	0.25	0.19	3.33284	0
1526214001	0.41	0.25	0.20	3.33467	0
1526214601	0.21	0.24	0.20	3.3368	0
1526215201	0.78	0.48	0.32	3.34315	0
1526215801	0.12	0.19	0.24	3.34247	0
1526216401	0.30	0.32	0.27	3.3548	0
1526217001	2.07	0.91	0.49	3.35191	0
1526217601	1.22	1.20	0.88	3.34857	0
1526218201	1.19	1.22	1.04	3.35195	0
1526218801	0.38	0.61	0.85	3.12181	0
1526219401	0.32	0.34	0.58	3.12004	0
1526220001	0.09	0.20	0.38	3.11957	0
1526220601	0.33	0.29	0.34	3.11828	0
1526221201	0.24	0.22	0.27	3.11887	0
1526221801	0.09	0.14	0.18	3.11766	0
1526222401	0.17	0.29	0.26	3.11689	0
1526223001	0.16	0.25	0.25	3.11897	0
1526223601	0.14	0.19	0.22	3.11977	0
1526224201	0.25	0.18	0.18	3.12075	0
1526224801	0.54	0.33	0.23	3.12169	0
1526225401	0.12	0.17	0.18	3.12206	0
1526226001	0.30	0.20	0.16	3.11927	0
1526226601	0.25	0.16	0.15	3.11864	0
1526227201	0.09	0.13	0.12	3.1208	0
1526227801	0.03	0.08	0.08	3.11953	0
1526228401	0.21	0.18	0.12	3.11853	0
1526229001	0.04	0.16	0.15	3.11757	0
1526229601	0.26	0.18	0.16	3.11642	0
1526230201	0.30	0.28	0.24	3.11647	0
1526230801	0.32	0.20	0.19	3.11875	0
1526231401	0.13	0.34	0.27	3.15327	0
1526232001	0.02	0.10	0.16	3.14012	0
1526232601	0.12	0.20	0.19	3.13382	0
1526233201	0.18	0.20	0.18	3.12658	0
1526233801	0.10	0.17	0.17	3.12617	0
1526234401	0.12	0.19	0.17	3.13085	0
1526235001	0.00	0.05	0.11	3.12748	0
1526235601	0.12	0.08	0.09	3.12706	0
1526236201	0.05	0.09	0.09	3.13004	0
1526236801	0.16	0.18	0.12	3.12849	0
1526237401	0.11	0.16	0.15	3.12666	0
1526238001	0.07	0.17	0.17	3.12437	0
1526238601	0.30	0.23	0.19	3.12152	0
1526239201	0.03	0.07	0.12	3.11944	0
1526239801	0.11	0.09	0.09	3.11936	0
1526240401	0.04	0.04	0.07	3.11862	0
1526241001	0.18	0.15	0.09	3.11946	0
1526241601	0.33	0.16	0.11	3.11895	0
1526242201	0.05	0.06	0.07	3.11754	0
1526242801	0.02	0.06	0.07	3.11898	0
1526243401	0.01	0.04	0.06	3.11953	0
1526244001	0.14	0.12	0.09	3.1169	0
1526244601	0.02	0.14	0.12	3.11915	0
1526245201	0.21	0.23	0.18	3.11861	0
1526245801	0.14	0.15	0.16	3.11763	0
1526246401	0.11	0.12	0.13	3.11651	0
1526247001	0.33	0.19	0.12	3.1197	0
1526247601	0.15	0.15	0.13	3.11726	0
1526248201	0.13	0.08	0.09	3.11497	0
1526248801	0.16	0.12	0.10	3.11562	0
1526248801	0.16	0.12	0.10	3.11701	0
1526249401	0.07	0.08	0.09	3.11781	0
1526250001	0.26	0.17	0.11	3.11842	0
1526250601	0.14	0.09	0.09	3.1181	0
1526251201	0.07	0.07	0.08	3.11581	0
1526251801	0.40	0.22	0.13	3.12335	0
1526252401	0.15	0.12	0.10	3.11745	0
1526253001	1.03	0.77	0.40	4.33858	0
1526253601	1.02	1.04	0.74	4.3385	0
1526254201	0.02	0.34	0.57	4.33527	0
1526254801	0.31	0.23	0.39	4.33275	0
1526255401	0.17	0.12	0.24	4.33267	0
1526256001	0.12	0.11	0.17	4.3327	0
1526256601	0.01	0.11	0.15	4.3286	0
1526257201	0.24	0.16	0.12	4.32973	0
1526257801	0.02	0.06	0.08	4.32988	0
1526258401	0.05	0.06	0.08	4.33218	0
1526259001	0.21	0.13	0.10	4.33066	0
1526259601	0.23	0.13	0.10	4.33053	0
1526260201	0.10	0.09	0.09	4.33058	0
1526260801	0.20	0.17	0.11	4.32899	0
1526261401	0.15	0.09	0.09	4.33078	0
1526262001	0.03	0.12	0.10	4.33096	0
1526262601	0.18	0.10	0.09	4.33088	0
1526263201	0.13	0.06	0.07	4.33083	0
1526263801	0.03	0.14	0.15	3.19976	0
1526264401	0.12	0.11	0.10	3.20127	0
1526265001	0.18	0.11	0.09	3.20236	0
1526265601	0.17	0.09	0.08	3.2033	0
1526266201	0.40	0.15	0.11	3.20311	0
1526266801	0.42	0.26	0.15	3.20164	0
1526267401	0.07	0.13	0.10	3.20161	0
1526268001	0.06	0.07	0.08	3.20354	0
1526268601	0.06	0.07	0.07	3.20343	0
1526269201	0.05	0.07	0.07	3.20193	0
1526269801	0.09	0.09	0.08	3.20195	0
1526270401	0.07	0.09	0.09	3.20215	0
1526271001	0.09	0.07	0.07	3.202	0
1526271601	0.03	0.08	0.08	3.20285	0
1526272201	0.04	0.03	0.04	3.35051	0
1526272801	0.02	0.03	0.01	3.35065	0
1526273401	0.06	0.10	0.03	3.3508	0
1526274001	0.01	0.05	0.02	3.35062	0
1526274601	0.15	0.12	0.06	3.35089	0
1526275201	0.08	0.12	0.09	3.35261	0
1526275801	0.04	0.06	0.07	3.35238	0
1526276401	0.63	0.23	0.13	3.35112	0
1526277001	0.08	0.14	0.14	3.35303	0
1526277601	0.09	0.13	0.13	3.35281	0
1526278201	0.05	0.05	0.08	3.35275	0
1526278801	0.17	0.18	0.12	3.35372	0
1526279401	0.14	0.11	0.09	3.35518	0
1526280001	0.35	0.23	0.13	3.35711	0
1526280601	0.15	0.17	0.12	3.35621	0
1526281201	0.17	0.16	0.12	3.35809	0
1526281801	0.22	0.20	0.17	3.36064	0
1526282401	0.17	0.30	0.24	3.36061	0
1526283001	0.06	0.15	0.18	3.36098	0
1526283601	0.06	0.14	0.17	3.35938	0
1526284201	0.07	0.13	0.15	3.36185	0
1526284801	0.10	0.07	0.09	3.36151	0
1526285401	0.03	0.04	0.07	3.35995	0
1526286001	0.55	0.30	0.17	3.36211	0
1526286601	0.11	0.19	0.17	3.36173	0
1526287201	0.46	0.33	0.23	3.36677	0
1526287801	0.17	0.20	0.18	3.36479	0
1526288401	0.43	0.27	0.21	3.36508	0
1526289001	0.04	0.11	0.15	3.36643	0
1526289601	0.07	0.11	0.13	3.36377	0
1526290201	0.47	0.32	0.22	3.36477	0
1526290801	0.21	0.21	0.19	3.36698	0
1526291401	0.39	0.48	0.35	3.37185	0
1526292001	0.04	0.14	0.23	3.36895	0
1526292601	0.31	0.28	0.25	3.37059	0
1526293201	0.05	0.14	0.19	3.37093	0
1526293801	0.08	0.06	0.11	3.37111	0
1526294401	0.08	0.11	0.09	3.36929	0
1526295001	0.41	0.45	0.28	3.39185	0
1526295601	0.03	0.17	0.22	3.38237	0
1526296201	0.10	0.19	0.18	3.37941	0
1526296801	0.14	0.11	0.13	3.37737	0
1526297401	0.09	0.16	0.15	3.3771	0
1526298001	0.02	0.05	0.08	3.37717	0
1526298601	0.05	0.08	0.08	3.3749	0
1526299201	0.05	0.11	0.09	3.37548	0
1526299801	0.06	0.15	0.12	3.37557	0
1526300401	0.07	0.09	0.09	3.37403	0
1526301001	0.12	0.14	0.10	3.37313	0
1526301601	0.94	0.56	0.31	3.37538	0
1526302201	0.25	0.33	0.31	3.3843	0
1526302801	0.09	0.29	0.30	3.39837	0
1526303401	1.09	1.79	1.12	3.53803	0
1526304001	1.52	0.93	0.91	3.43314	0
1526304601	0.10	0.40	0.65	3.40283	0
1526305201	0.43	0.43	0.53	3.39243	0
1526305801	0.30	0.22	0.34	3.39181	0
1526306401	0.53	0.58	0.46	3.41507	0
1526307001	0.80	0.40	0.40	3.40526	0
1526307601	0.35	0.40	0.35	3.40193	0
1526308201	0.09	0.18	0.25	3.39429	0
1526308801	0.25	0.18	0.19	3.39183	0
1526309401	0.04	0.07	0.12	3.38786	0
1526310001	0.18	0.19	0.14	3.38774	0
1526310601	0.15	0.09	0.09	3.38717	0
1526311201	0.08	0.16	0.12	3.3867	0
1526311801	0.07	0.05	0.07	3.38693	0
1526312401	0.11	0.59	0.42	3.55885	0
1526313001	0.07	0.15	0.25	3.55865	0
1526313601	0.46	0.26	0.23	3.5579	0
1526314201	0.21	0.16	0.18	3.55601	0
1526314801	0.10	0.15	0.17	3.55552	0
1526315401	0.20	0.18	0.18	3.55514	0
1526316001	0.02	0.08	0.13	3.55373	0
1526316601	0.33	0.17	0.11	3.55331	0
1526317201	0.04	0.16	0.13	3.55302	0
1526317801	0.10	0.15	0.15	3.55287	0
1526318401	0.21	0.14	0.12	3.55287	0
1526319001	0.24	0.16	0.11	3.55167	0
1526319601	0.27	0.18	0.11	3.55169	0
1526320201	0.21	0.11	0.09	3.54968	0
1526320801	0.02	0.05	0.07	3.5499	0
1526321401	0.07	0.07	0.08	3.55142	0
1526322001	0.06	0.10	0.09	3.55152	0
1526322601	0.37	0.15	0.10	3.55205	0
1526323201	0.04	0.08	0.08	3.5514	0
1526323801	0.04	0.06	0.07	3.55243	0
1526324401	0.06	0.07	0.08	3.55145	0
1526325001	0.15	0.15	0.10	3.54977	0
1526325601	0.23	0.23	0.14	3.55149	0
1526326201	0.01	0.06	0.08	3.55183	0
1526326801	0.23	0.11	0.09	3.5513	0
1526327401	0.07	0.13	0.09	3.55162	0
1526328001	0.03	0.07	0.08	3.55154	0
1526328601	0.02	0.06	0.08	3.5511	0
1526329201	0.21	0.10	0.09	3.55198	0
1526329801	0.16	0.18	0.13	3.55116	0
1526330401	0.00	0.04	0.07	3.55162	0
1526331001	0.05	0.07	0.08	3.54985	0
1526331601	0.13	0.11	0.09	3.55007	0
1526332201	0.09	0.06	0.08	3.55176	0
1526332801	0.05	0.06	0.08	3.55183	0
1526333401	0.15	0.11	0.09	3.55327	0
1526334001	0.06	0.07	0.08	3.55193	0
1526334601	0.06	0.03	0.04	3.5523	0
1526335201	0.00	0.01	0.01	3.55242	0
1526335201	0.00	0.01	0.01	3.55278	0
1526335202	0.00	0.01	0.01	3.55296	0
1526335802	0.01	0.04	0.01	3.55057	0
1526336402	0.04	0.03	0.00	3.55401	0
1526337002	0.05	0.04	0.00	3.5552	0
1526337602	0.10	0.09	0.02	3.55256	0
1526338202	0.10	0.07	0.03	3.55405	0
1526338802	0.04	0.07	0.03	3.55452	0
1526339402	1.00	0.66	0.31	4.53939	0
1526340002	1.12	1.04	0.71	4.53594	0
1526340602	0.16	0.40	0.58	4.52557	0
1526341202	0.07	0.12	0.33	4.52542	0
1526341802	0.02	0.06	0.19	4.52849	0
1526342402	0.29	0.23	0.20	4.52889	0
1526343002	0.03	0.09	0.14	4.52911	0
1526343602	0.00	0.03	0.09	4.52878	0
1526344202	0.00	0.03	0.06	4.53206	0
1526344802	0.03	0.10	0.09	4.52814	0
1526345402	0.06	0.08	0.08	4.52935	0
1526346002	0.13	0.09	0.09	4.52958	0
1526346602	0.06	0.05	0.07	4.53067	0
1526347202	0.07	0.11	0.09	4.53032	0
1526347802	0.02	0.08	0.08	4.53346	0
1526348402	0.41	0.15	0.10	4.52953	0
1526349002	0.15	0.09	0.08	4.53022	0
1526349602	0.02	0.09	0.08	4.53209	0
1526350202	0.38	0.29	0.23	3.39906	0
1526350802	0.03	0.09	0.14	3.39988	0
1526351402	0.07	0.08	0.09	3.40193	0
1526352002	0.01	0.06	0.08	3.40068	0
1526352602	0.09	0.08	0.09	3.40187	0
1526353202	0.04	0.03	0.06	3.40188	0
1526353802	0.01	0.02	0.03	3.39921	0
1526354402	0.03	0.03	0.00	3.40018	0
1526355002	0.15	0.13	0.05	3.40181	0
1526355602	0.01	0.06	0.04	3.39969	0
1526356202	0.01	0.03	0.03	3.40265	0
1526356802	0.01	0.07	0.06	3.40147	0
1526357402	0.04	0.07	0.05	3.40019	0
1526358002	0.06	0.03	0.02	3.40139	0
1526358602	0.27	0.12	0.03	3.55037	0
1526359202	0.08	0.09	0.05	3.54964	0
1526359802	0.04	0.06	0.06	3.55109	0
1526360402	0.09	0.10	0.06	3.55254	0
1526361002	0.06	0.06	0.05	3.55102	0
1526361602	0.27	0.11	0.06	3.55217	0
1526362202	0.07	0.09	0.08	3.55395	0
1526362802	0.01	0.05	0.07	3.55156	0
1526363402	0.02	0.06	0.07	3.55146	0
1526364002	0.05	0.07	0.06	3.55311	0
1526364602	0.06	0.04	0.04	3.55183	0
1526365202	0.04	0.05	0.03	3.55313	0
1526365802	0.08	0.05	0.01	3.55537	0
1526366402	0.10	0.09	0.03	3.55365	0
1526367002	0.11	0.08	0.04	3.55473	0
1526367602	0.14	0.13	0.09	3.55574	0
1526368202	0.08	0.13	0.09	3.55553	0
1526368802	0.03	0.04	0.06	3.55846	0
1526369402	0.08	0.11	0.08	3.56068	0
1526370002	0.38	0.17	0.11	3.55883	0
1526370602	0.41	0.21	0.13	3.56051	0
1526371202	0.00	0.06	0.08	3.56147	0
1526371802	0.10	0.07	0.08	3.56053	0
1526372402	0.36	0.29	0.20	3.5638	0
1526373002	0.57	0.24	0.19	3.56932	0
1526373602	0.25	0.22	0.19	3.56549	0
1526374202	0.63	0.23	0.18	3.56861	0
1526374802	0.93	0.54	0.33	3.60558	0
1526375402	0.19	0.26	0.26	3.58353	0
1526376002	0.48	0.32	0.28	3.58242	0
1526376602	0.05	0.14	0.21	3.58151	0
1526377202	0.08	0.14	0.17	3.57551	0
1526377802	0.06	0.11	0.14	3.57592	0
1526378402	0.04	0.16	0.16	3.57978	0
1526379002	0.22	0.22	0.19	3.58109	0
1526379602	0.46	0.35	0.27	3.58177	0
1526380202	0.19	0.21	0.22	3.5797	0
1526380802	0.09	0.16	0.17	3.57586	0
1526381402	0.86	0.39	0.25	3.57709	0
1526382002	0.27	0.31	0.27	3.57692	0
1526382602	0.05	0.29	0.32	3.57474	0
1526383202	0.17	0.21	0.25	3.58311	0
1526383802	0.07	0.10	0.16	3.58052	0
1526384402	0.12	0.10	0.10	3.57655	0
1526385002	0.10	0.25	0.17	3.57466	0
1526385602	0.30	0.19	0.17	3.57487	0
1526386202	0.26	0.13	0.15	3.57153	0
1526386802	0.01	0.10	0.13	3.57309	0
1526387402	0.17	0.12	0.11	3.57621	0
1526388002	0.03	0.09	0.08	3.57325	0
1526388602	0.20	0.20	0.13	3.57176	0
1526389202	0.02	0.08	0.08	3.57472	0
1526389802	0.12	0.12	0.09	3.57322	0
1526390402	0.22	0.43	0.27	3.57189	0
1526391002	0.80	0.58	0.38	3.58793	0
1526391602	0.17	0.26	0.29	3.58174	0
1526392202	0.21	0.19	0.23	3.58168	0
1526392802	0.06	0.11	0.16	3.57965	0
1526393402	0.09	0.13	0.16	3.57863	0
1526394002	1.78	0.98	0.50	3.75693	0
1526394602	0.27	0.39	0.43	3.75443	0
1526395202	0.29	0.33	0.36	3.76163	0
1526395802	0.12	0.19	0.26	3.75688	0
1526396402	0.02	0.16	0.23	3.75624	0
1526397002	0.14	0.22	0.24	3.75705	0
1526397602	0.27	0.36	0.30	3.7564	0
1526398202	0.30	0.30	0.28	3.76406	0
1526398802	0.03	0.16	0.22	3.75706	0
1526399402	0.32	0.27	0.26	3.75565	0
1526400002	0.10	0.13	0.18	3.75373	0
1526400602	0.16	0.16	0.15	3.75203	0
1526401202	0.03	0.09	0.11	3.75709	0
1526401802	0.18	0.23	0.17	3.78651	0
1526402402	0.93	0.52	0.29	3.77303	0
1526403002	0.04	0.21	0.24	3.75951	0
1526403602	0.15	0.16	0.18	3.75864	0
1526404202	0.02	0.06	0.10	3.75679	0
1526404802	0.22	0.16	0.11	3.75751	0
1526405402	0.00	0.06	0.08	3.75806	0
1526406002	0.01	0.06	0.08	3.75544	0
1526406602	0.23	0.15	0.10	3.75619	0
1526407202	0.10	0.18	0.12	3.75411	0
1526407802	0.02	0.09	0.09	3.75238	0
1526408402	0.11	0.07	0.08	3.75232	0
1526409002	0.07	0.10	0.09	3.75352	0
1526409602	0.22	0.12	0.10	3.75253	0
1526410202	0.15	0.15	0.11	3.75193	0
1526410802	0.20	0.17	0.12	3.75069	0
1526411402	0.08	0.13	0.09	3.75	0
1526412002	0.02	0.14	0.12	3.75146	0
1526412602	0.05	0.07	0.08	3.75198	0
1526413202	0.15	0.11	0.09	3.74981	0
1526413802	0.05	0.11	0.09	3.75093	0
1526414402	0.08	0.06	0.07	3.75138	0
1526415002	0.05	0.09	0.09	3.75027	0
1526415602	0.26	0.15	0.10	3.75059	0
1526416202	0.16	0.09	0.08	3.75286	0
1526416802	0.02	0.06	0.08	3.75091	0
1526417402	0.18	0.09	0.07	3.75247	0
1526418002	0.22	0.17	0.11	3.75261	0
1526418602	0.04	0.07	0.08	3.7503	0
1526419202	0.04	0.08	0.08	3.75174	0
1526419802	0.13	0.08	0.08	3.75261	0
1526420402	0.14	0.12	0.10	3.7504	0
1526421002	0.08	0.11	0.09	3.75153	0
1526421601	0.10	0.11	0.09	3.75103	0
1526421601	0.10	0.11	0.09	3.75231	0
1526422201	0.09	0.11	0.09	3.75299	0
1526422801	0.12	0.09	0.08	3.75169	0
1526423401	0.04	0.07	0.08	3.75173	0
1526424001	0.02	0.07	0.08	3.75198	0
1526424601	0.03	0.06	0.08	3.75211	0
1526425201	0.04	0.06	0.08	3.7521	0
1526425801	1.00	0.67	0.34	4.73915	0
1526426401	1.00	0.99	0.69	4.74017	0
1526427001	0.03	0.40	0.59	4.72338	0
1526427601	0.00	0.07	0.31	4.72351	0
1526428201	0.02	0.05	0.17	4.72371	0
1526428801	0.08	0.03	0.09	4.72354	0
1526429401	0.03	0.02	0.05	4.72327	0
1526430001	0.03	0.10	0.08	4.7238	0
1526430601	0.20	0.08	0.07	4.72372	0
1526431201	0.08	0.11	0.09	4.7239	0
1526431801	0.12	0.13	0.10	4.72474	0
1526432401	0.11	0.11	0.09	4.72469	0
1526433001	0.03	0.07	0.08	4.72492	0
1526433601	0.33	0.10	0.07	4.72536	0
1526434201	0.00	0.05	0.06	4.72521	0
1526434801	0.00	0.04	0.06	4.72561	0
1526435401	0.00	0.01	0.02	4.72427	0
1526436001	0.00	0.06	0.04	4.72432	0
1526436601	0.22	0.22	0.19	3.59674	0
1526437201	0.02	0.08	0.11	3.59708	0
1526437801	0.03	0.04	0.07	3.5971	0
1526438401	0.00	0.02	0.04	3.59647	0
1526439001	0.24	0.09	0.03	3.59757	0
1526439601	0.08	0.04	0.00	3.59745	0
1526440201	0.03	0.03	0.00	3.59777	0
1526440801	0.07	0.13	0.08	3.59972	0
1526441401	0.00	0.06	0.07	3.59967	0
1526442001	0.14	0.07	0.06	3.5983	0
1526442601	0.14	0.08	0.06	3.59689	0
1526443201	0.15	0.13	0.09	3.5968	0
1526443801	0.05	0.06	0.08	3.59874	0
1526444401	0.22	0.12	0.08	3.59954	0
1526445001	0.01	0.08	0.08	3.74545	0
1526445601	0.35	0.16	0.10	3.74376	0
1526446201	0.06	0.12	0.09	3.74395	0
1526446801	0.06	0.09	0.09	3.74413	0
1526447401	0.05	0.05	0.06	3.74413	0
1526448001	0.08	0.02	0.01	3.74473	0
1526448601	0.03	0.05	0.01	3.74457	0
1526449201	0.04	0.05	0.01	3.74471	0
1526449801	0.01	0.05	0.01	3.74487	0
1526450401	0.00	0.02	0.00	3.74481	0
1526451001	0.08	0.06	0.01	3.74576	0
1526451601	0.01	0.06	0.01	3.74531	0
1526452201	0.00	0.04	0.00	3.74633	0
1526452801	0.48	0.18	0.06	3.74665	0
1526453401	0.02	0.15	0.13	3.75179	0
1526454001	0.10	0.11	0.10	3.7533	0
1526454601	0.20	0.18	0.14	3.75693	0
1526455201	0.35	0.27	0.21	3.76672	0
1526455801	0.10	0.17	0.17	3.76728	0
1526456401	0.25	0.26	0.22	3.76701	0
1526457001	0.39	0.63	0.43	3.77088	0
1526457601	0.54	0.50	0.45	3.78052	0
1526458201	0.06	0.14	0.27	3.7741	0
1526458801	7.38	2.98	1.24	4.11065	0
1526459401	0.27	1.92	2.05	3.84048	0
1526460001	0.18	0.42	1.14	3.78323	0
1526460601	0.17	0.16	0.63	3.77636	0
1526461201	0.30	0.12	0.36	3.77327	0
1526461801	0.02	0.11	0.25	3.7735	0
1526462401	0.40	0.26	0.24	3.78282	0
1526463001	0.17	0.18	0.19	3.77771	0
1526463601	0.21	0.23	0.19	3.78352	0
1526464201	0.08	0.20	0.20	3.77327	0
1526464801	0.22	0.25	0.20	3.77333	0
1526465401	0.07	0.10	0.14	3.77896	0
1526466001	0.54	0.24	0.17	3.77515	0
1526466601	0.09	0.13	0.14	3.77289	0
1526467201	0.07	0.12	0.11	3.7713	0
1526467801	0.62	0.37	0.20	3.78584	0
1526468401	0.03	0.10	0.13	3.77986	0
1526469001	0.01	0.05	0.08	3.77901	0
1526469601	0.06	0.07	0.08	3.77752	0
1526470201	0.01	0.08	0.08	3.77392	0
1526470801	0.17	0.22	0.16	3.77152	0
1526471401	0.01	0.12	0.14	3.76978	0
1526472001	0.02	0.08	0.10	3.7692	0
1526472601	0.28	0.15	0.10	3.76901	0
1526473201	0.02	0.08	0.08	3.76916	0
1526473801	0.28	0.21	0.13	3.76957	0
1526474401	0.17	0.22	0.17	3.76942	0
1526475001	0.09	0.29	0.25	3.77402	0
1526475601	0.32	0.29	0.26	3.77105	0
1526476201	0.13	0.10	0.16	3.77084	0
1526476801	0.22	0.16	0.15	3.76988	0
1526477401	0.19	0.12	0.10	3.76944	0
1526478001	0.45	0.37	0.21	3.77024	0
1526478601	0.08	0.19	0.17	3.77002	0
1526479201	0.07	0.17	0.17	3.76973	0
1526479801	0.24	0.24	0.19	3.77157	0
1526480401	0.19	0.35	0.27	3.7842	0
1526481001	0.25	0.17	0.18	3.77993	0
1526481601	0.02	0.10	0.14	3.77976	0
1526482201	0.11	0.21	0.18	3.79017	0
1526482801	0.14	0.20	0.19	3.78738	0
1526483401	0.12	0.13	0.16	3.78418	0
1526484001	0.30	0.23	0.19	3.80008	0
1526484601	0.19	0.29	0.26	3.78874	0
1526485201	0.49	0.60	0.39	3.80191	0
1526485801	0.13	0.17	0.25	3.79366	0
1526486401	0.14	0.12	0.17	3.79	0
1526487001	0.10	0.18	0.18	3.78764	0
1526487601	0.30	0.15	0.14	3.78167	0
1526488201	0.08	0.11	0.12	3.78279	0
1526488801	0.10	0.15	0.16	3.78306	0
1526489401	0.11	0.11	0.11	3.78171	0
1526490001	0.35	0.13	0.10	3.7817	0
1526490601	0.07	0.07	0.08	3.78279	0
1526491201	0.04	0.06	0.06	3.78293	0
1526491801	0.06	0.09	0.06	3.78307	0
1526492401	0.12	0.14	0.09	3.78104	0
1526493001	0.00	0.06	0.07	3.78271	0
1526493601	0.05	0.10	0.09	3.78105	0
1526494201	0.25	0.15	0.10	3.77905	0
1526494801	0.15	0.17	0.12	3.77906	0
1526495401	0.28	0.16	0.11	3.77815	0
1526496001	0.02	0.06	0.08	3.77782	0
1526496601	0.01	0.04	0.06	3.77812	0
1526497201	0.30	0.12	0.08	3.77811	0
1526497801	0.10	0.08	0.08	3.78006	0
1526498401	0.15	0.11	0.09	3.77887	0
1526499001	0.09	0.10	0.09	3.78033	0
1526499601	0.04	0.14	0.12	3.78107	0
1526500201	0.07	0.04	0.07	3.77954	0
1526500801	0.02	0.05	0.07	3.77971	0
1526501401	0.04	0.06	0.07	3.78029	0
1526502001	0.02	0.04	0.06	3.78104	0
1526502601	0.18	0.10	0.07	3.78011	0
1526503201	0.06	0.08	0.08	3.78158	0
1526503801	0.08	0.07	0.07	3.78424	0
1526504401	0.15	0.07	0.07	3.78277	0
1526505001	0.16	0.10	0.09	3.78179	0
1526505601	0.11	0.11	0.09	3.78375	0
1526506201	0.11	0.09	0.08	3.78429	0
1526506801	0.11	0.07	0.08	3.78218	0
1526507401	0.05	0.06	0.06	3.78331	0
1526508001	0.02	0.07	0.07	3.78214	0
1526508001	0.02	0.07	0.07	3.78332	0
1526508601	0.06	0.09	0.07	3.78265	0
1526509201	0.00	0.03	0.04	3.78323	0
1526509801	0.08	0.06	0.03	3.78498	0
1526510401	0.18	0.14	0.07	3.78538	0
1526511001	0.04	0.10	0.08	3.78384	0
1526511601	0.03	0.07	0.08	3.78368	0
1526512201	1.01	0.73	0.38	4.76747	0
1526512801	1.10	1.05	0.75	4.76671	0
1526513401	0.03	0.48	0.68	4.74591	0
1526514001	0.07	0.14	0.39	4.75106	0
1526514601	0.00	0.03	0.21	4.75291	0
1526515201	0.07	0.04	0.12	4.75193	0
1526515801	0.08	0.06	0.08	4.75174	0
1526516401	0.05	0.11	0.09	4.75324	0
1526517001	0.02	0.05	0.06	4.75257	0
1526517601	0.08	0.13	0.09	4.75285	0
1526518201	0.15	0.14	0.10	4.75356	0
1526518801	0.02	0.04	0.06	4.75315	0
1526519401	0.17	0.12	0.09	4.75349	0
1526520001	0.09	0.08	0.08	4.75254	0
1526520601	0.05	0.06	0.06	4.75357	0
1526521201	0.14	0.07	0.05	4.75408	0
1526521801	0.05	0.06	0.04	4.7544	0
1526522401	0.08	0.04	0.01	4.75585	0
1526523001	0.20	0.17	0.12	3.63076	0
1526523601	0.02	0.06	0.08	3.63087	0
1526524201	0.21	0.11	0.09	3.63192	0
1526524801	0.29	0.10	0.07	3.63083	0
1526525401	0.00	0.03	0.05	3.6299	0
1526526001	0.03	0.03	0.04	3.63083	0
1526526601	0.01	0.04	0.02	3.63105	0
1526527201	0.00	0.00	0.00	3.63018	0
1526527801	0.06	0.08	0.02	3.63001	0
1526528401	0.20	0.08	0.02	3.63194	0
1526529001	0.02	0.06	0.02	3.63243	0
1526529601	0.00	0.02	0.00	3.63252	0
1526530201	0.25	0.09	0.02	3.6314	0
1526530801	0.14	0.09	0.02	3.63334	0
1526531401	0.05	0.08	0.04	3.7787	0
1526532001	0.13	0.15	0.09	3.7774	0
1526532601	0.02	0.08	0.08	3.77632	0
1526533201	0.05	0.06	0.08	3.77666	0
1526533801	0.12	0.09	0.09	3.77812	0
1526534401	0.34	0.15	0.11	3.77654	0
1526535001	0.08	0.11	0.09	3.77671	0
1526535601	0.50	0.16	0.10	3.777	0
1526536201	0.07	0.08	0.08	3.77897	0
1526536801	0.02	0.07	0.08	3.77897	0
1526537401	0.08	0.08	0.08	3.77791	0
1526538001	0.24	0.14	0.10	3.77986	0
1526538601	0.28	0.22	0.13	3.78004	0
1526539201	0.00	0.06	0.08	3.77893	0
1526539801	0.08	0.07	0.08	3.78256	0
1526540401	0.08	0.10	0.09	3.78265	0
1526541001	0.30	0.26	0.17	3.78537	0
1526541601	0.33	0.26	0.20	3.78963	0
1526542201	0.14	0.20	0.18	3.79496	0
1526542801	0.39	0.21	0.17	3.79564	0
1526543401	0.15	0.17	0.17	3.79493	0
1526544001	0.20	0.14	0.14	3.79436	0
1526544601	0.10	0.11	0.13	3.79886	0
1526545201	0.18	0.16	0.14	3.80066	0
1526545801	0.13	0.18	0.17	3.80186	0
1526546401	0.33	0.21	0.17	3.79791	0
1526547001	0.38	0.37	0.25	3.79913	0
1526547601	0.07	0.16	0.18	3.79613	0
1526548201	0.40	0.23	0.18	3.79455	0
1526548801	0.05	0.20	0.18	3.79627	0
1526549401	0.09	0.07	0.10	3.79597	0
1526550001	0.05	0.08	0.08	3.79414	0
1526550601	0.09	0.09	0.08	3.79721	0
1526551201	0.09	0.09	0.09	3.79626	0
1526551801	0.42	0.16	0.11	3.79476	0
1526552401	0.11	0.10	0.09	3.79454	0
1526553001	0.04	0.06	0.06	3.79528	0
1526553601	0.20	0.08	0.06	3.79652	0
1526554201	0.01	0.03	0.03	3.79485	0
1526554801	0.07	0.06	0.02	3.79527	0
